NAME:  as14
TYPE: ATSP
COMMENT: 14 city problem (Repetto)
DIMENSION:  14
EDGE_WEIGHT_TYPE: EXPLICIT
EDGE_WEIGHT_FORMAT: FULL_MATRIX 2147483647
EDGE_WEIGHT_SECTION
2147483647 2 56 74 11 51 59 22 52 78 73 63 96 93
2 2147483647 94 22 17 72 54 18 66 67 72 64 18 27
56 94 2147483647 11 28 89 94 76 54 9 13 18 64 51
74 22 11 2147483647 12 29 53 36 21 7 18 31 55 88
11 17 28 12 2147483647 41 34 65 71 95 97 87 82 49
51 72 89 29 41 2147483647 49 59 87 59 59 4 96 60
59 54 94 53 34 49 2147483647 64 52 21 78 97 19 48
22 18 76 36 65 59 64 2147483647 51 75 2 10 41 32
52 66 54 21 71 87 52 51 2147483647 14 76 84 84 13
78 67 9 7 95 59 21 75 14 49 2147483647 100 44 58
73 72 13 18 97 59 78 2 76 78 30 2147483647 63 57
63 64 18 31 87 4 97 10 84 100 37 2147483647 60 6
96 18 64 55 82 96 19 41 84 44 63 60 2147483647 1
93 27 51 88 49 60 48 32 13 58 57 6 1 2147483647
EOF
